num_map,Name,Threads,OperationsPerMilliSecond,LogOperationsPerMilliSecond
0,splitOrderHash_MaxLoad_16,1,509837.3109140873,13.141846955602086
0,splitOrderHash_MaxLoad_16,2,638667.4841610465,13.367139228845652
0,splitOrderHash_MaxLoad_16,3,397907.00913196587,12.893973611570166
0,splitOrderHash_MaxLoad_16,4,324747.02206980763,12.690801764574891
0,splitOrderHash_MaxLoad_16,5,347954.37622218975,12.759826647352087
0,splitOrderHash_MaxLoad_16,6,261840.4239720145,12.475490528376373
0,splitOrderHash_MaxLoad_16,7,220313.81499808325,12.302808240756537
0,splitOrderHash_MaxLoad_16,8,86082.44804709054,11.36306081419999
0,splitOrderHash_MaxLoad_16,9,198273.4349286414,12.197402341482674
0,splitOrderHash_MaxLoad_16,10,201317.01591813646,12.212636138200153
0,splitOrderHash_MaxLoad_16,11,190751.5994521614,12.158727334181858
0,splitOrderHash_MaxLoad_16,12,33628.54713915224,10.423130602467547
0,splitOrderHash_MaxLoad_16,13,165192.32516457286,12.014865681148247
0,splitOrderHash_MaxLoad_16,14,31949.912760763207,10.37192472930941
0,splitOrderHash_MaxLoad_16,15,44894.52704289178,10.7120711741604
0,splitOrderHash_MaxLoad_16,16,15824.084287934405,9.66928838043668
0,splitOrderHash_MaxLoad_16,17,10783.070923708046,9.285732676223702
0,splitOrderHash_MaxLoad_16,18,15203.973467241824,9.629312084990662
0,splitOrderHash_MaxLoad_16,19,7909.716596436293,8.975847231603572
0,splitOrderHash_MaxLoad_16,20,10160.720240622111,9.226284608444919
0,splitOrderHash_MaxLoad_16,21,8874.25701392433,9.090909894098255
0,splitOrderHash_MaxLoad_16,22,9991.010089121808,9.209440976553529
0,splitOrderHash_MaxLoad_16,23,9275.052612735944,9.135083559991724
0,splitOrderHash_MaxLoad_16,24,9582.062991332257,9.167648191344675
0,splitOrderHash_MaxLoad_16,25,10028.00118771646,9.21313657771819
0,splitOrderHash_MaxLoad_16,26,9711.695688288753,9.181086179230197
0,splitOrderHash_MaxLoad_16,27,10873.297594978798,9.294065300712298
0,splitOrderHash_MaxLoad_16,28,6172.440202633805,8.72784953346626
0,splitOrderHash_MaxLoad_16,29,9471.675617084402,9.156061110030226
0,splitOrderHash_MaxLoad_16,30,10127.68683733912,9.223028223422014
0,splitOrderHash_MaxLoad_16,31,9270.150828135018,9.134554928992264
1,Refinable16,1,731967.9690816731,13.503492033900889
1,Refinable16,2,1275868.2283293782,14.059137468219884
1,Refinable16,3,558912.1334235045,13.233747554493434
1,Refinable16,4,388657.4218021267,12.870453570840697
1,Refinable16,5,296095.39009087166,12.598436945210878
1,Refinable16,6,257789.76213738648,12.459899656275804
1,Refinable16,7,204409.10438150915,12.227878678303622
1,Refinable16,8,228850.23354166333,12.340823066582308
1,Refinable16,9,195726.89052603557,12.184475550822762
1,Refinable16,10,171972.00295791848,12.055086969046073
1,Refinable16,11,122767.02134059131,11.71804370276922
1,Refinable16,12,142306.41702326282,11.865737878094663
1,Refinable16,13,127377.98780992656,11.754914227050127
1,Refinable16,14,95110.4660507947,11.462794295588436
1,Refinable16,15,128861.49579847093,11.766493430560004
1,Refinable16,16,103470.61124228885,11.547042902016445
1,Refinable16,17,97032.83299970212,11.482804684745565
1,Refinable16,18,89019.05452862184,11.396605721626248
1,Refinable16,19,87765.1054717155,11.382419268641168
1,Refinable16,20,7915.468495604264,8.976574161416753
1,Refinable16,21,10674.676944245628,9.275629574804764
1,Refinable16,22,77954.77843303101,11.26388417386469
1,Refinable16,23,48847.874042825904,10.796466136417983
1,Refinable16,24,60335.31957205364,11.007672942121728
1,Refinable16,25,69226.0938068952,11.145133148663993
1,Refinable16,26,57222.80557693463,10.954707796806062
1,Refinable16,27,42519.39309519072,10.65771555895775
1,Refinable16,28,27948.67616903024,10.238125113205003
1,Refinable16,29,26190.420068147472,10.173148976630383
1,Refinable16,30,12387.542789669682,9.42444663289421
1,Refinable16,31,26345.754302656864,10.179062413953258
2,concHashMap,1,412987.6351502036,12.931172932391362
2,concHashMap,2,860363.0732168976,13.665109757296749
2,concHashMap,3,423879.68598992866,12.957204934489047
2,concHashMap,4,272841.61816906906,12.516646752586244
2,concHashMap,5,291725.49797542504,12.583568563675765
2,concHashMap,6,190257.30397789972,12.156132666460847
2,concHashMap,7,239216.70880867686,12.385125151498098
2,concHashMap,8,234023.2338266543,12.363175679268425
2,concHashMap,9,240478.84146913333,12.390387387398405
2,concHashMap,10,114034.44752590862,11.644255853011986
2,concHashMap,11,134525.22684316378,11.809507020609042
2,concHashMap,12,173868.2912919805,12.066053344970125
2,concHashMap,13,149518.17767245052,11.915173254203717
2,concHashMap,14,131368.23962617855,11.785759648253338
2,concHashMap,15,121425.97811661022,11.707060122496388
2,concHashMap,16,88945.3395310446,11.395777297466656
2,concHashMap,17,98828.48711375357,11.5011411732874
2,concHashMap,18,87870.99132537574,11.383625010153526
2,concHashMap,19,83465.83534694662,11.332192669589572
2,concHashMap,20,78668.05542007169,11.272992448828793
2,concHashMap,21,74889.76226993864,11.22377247484845
2,concHashMap,22,72684.34931516806,11.193881362700496
2,concHashMap,23,70722.6582667008,11.166521285217941
2,concHashMap,24,71567.51464629188,11.178396543935625
2,concHashMap,25,56512.91574432879,10.94222448825492
2,concHashMap,26,55123.44896395478,10.917330475644999
2,concHashMap,27,61891.337378963755,11.033135503466875
2,concHashMap,28,57054.34140747355,10.951759450685403
2,concHashMap,29,58710.90807574412,10.980380816077846
2,concHashMap,30,57534.22135486187,10.960135203749138
2,concHashMap,31,48661.4216142356,10.792641831164262
3,concSkipListSet,1,638337.2591074769,13.366622041947686
3,concSkipListSet,2,864535.8739160881,13.669948079966424
3,concSkipListSet,3,539866.4370434755,13.19907704913879
3,concSkipListSet,4,401588.684837216,12.903183671756592
3,concSkipListSet,5,318578.8833172982,12.671625394654772
3,concSkipListSet,6,280108.1217349897,12.542930956668563
3,concSkipListSet,7,67529.2401609897,11.120315970632191
3,concSkipListSet,8,227489.3591852241,12.33485874346706
3,concSkipListSet,9,89920.53722125757,11.406681639545365
3,concSkipListSet,10,24805.007833421478,10.118800840535199
3,concSkipListSet,11,129088.05741836793,11.768250066113982
3,concSkipListSet,12,60099.87397056429,11.003763023525497
3,concSkipListSet,13,94316.93319060038,11.454416019739886
3,concSkipListSet,14,33069.559503546545,10.406368485764553
3,concSkipListSet,15,41871.0321963115,10.64234951111705
3,concSkipListSet,16,27411.228735739307,10.218708016301546
3,concSkipListSet,17,13305.103451836123,9.495902958792017
3,concSkipListSet,18,17134.122656673135,9.748827231169612
3,concSkipListSet,19,18173.105004018984,9.807698033087954
3,concSkipListSet,20,12463.418309334813,9.430553097359626
3,concSkipListSet,21,12908.689096804841,9.465655936996743
3,concSkipListSet,22,12330.155194731373,9.419803182837601
3,concSkipListSet,23,12441.23073630936,9.428771295186472
3,concSkipListSet,24,13125.757356199452,9.482331789124533
3,concSkipListSet,25,13529.185429391993,9.512604514577287
3,concSkipListSet,26,12333.935887214544,9.420109757484948
3,concSkipListSet,27,13819.131066857646,9.533809220298462
3,concSkipListSet,28,13888.549391014887,9.538819994802536
3,concSkipListSet,29,3625.0592515934673,8.195625912422356
3,concSkipListSet,30,9948.566903963201,9.205183790026915
3,concSkipListSet,31,15084.57847729326,9.621428208033587
