num_map,Name,Threads,OperationsPerMilliSecond,LogOperationsPerMilliSecond
0,splitOrderHash_MaxLoad_16,1,776373.4045526537,13.562388874863716
0,splitOrderHash_MaxLoad_16,2,511430.4710274638,13.144966923614183
0,splitOrderHash_MaxLoad_16,3,383062.5081400783,12.855953461478087
0,splitOrderHash_MaxLoad_16,4,359418.7480007332,12.79224341669208
0,splitOrderHash_MaxLoad_16,5,260690.93525479932,12.471090828526124
0,splitOrderHash_MaxLoad_16,6,257357.1989242469,12.458220277972138
0,splitOrderHash_MaxLoad_16,7,158248.88118041004,11.971924270031415
0,splitOrderHash_MaxLoad_16,8,206630.3548256453,12.238686750459125
0,splitOrderHash_MaxLoad_16,9,166454.1601888256,12.0224752363155
0,splitOrderHash_MaxLoad_16,10,84954.8380081149,11.349875076721677
0,splitOrderHash_MaxLoad_16,11,62378.71239109457,11.040979348574833
0,splitOrderHash_MaxLoad_16,12,114796.46013635524,11.650915927343023
0,splitOrderHash_MaxLoad_16,13,84878.25911295429,11.3489732630982
0,splitOrderHash_MaxLoad_16,14,28452.926198515495,10.256006288343233
0,splitOrderHash_MaxLoad_16,15,29127.06478121351,10.279423082130728
0,splitOrderHash_MaxLoad_16,16,8935.54913506565,9.09779288458197
0,splitOrderHash_MaxLoad_16,17,10671.890485913584,9.275368506288059
0,splitOrderHash_MaxLoad_16,18,12262.893881085738,9.414333224139469
0,splitOrderHash_MaxLoad_16,19,12744.798911288297,9.452878538834689
0,splitOrderHash_MaxLoad_16,20,10398.202275604976,9.249388212072873
0,splitOrderHash_MaxLoad_16,21,10437.608205379565,9.253170736087847
0,splitOrderHash_MaxLoad_16,22,11232.653413333788,9.326580298837584
0,splitOrderHash_MaxLoad_16,23,13608.874946142878,9.518477428462537
0,splitOrderHash_MaxLoad_16,24,14513.156176073611,9.582810839528262
0,splitOrderHash_MaxLoad_16,25,9291.114015719822,9.136813740196608
0,splitOrderHash_MaxLoad_16,26,11491.43152899472,9.349356952202736
0,splitOrderHash_MaxLoad_16,27,14511.574504382568,9.582701851664773
0,splitOrderHash_MaxLoad_16,28,11934.47590823152,9.387186625637126
0,splitOrderHash_MaxLoad_16,29,12600.968409624216,9.441528947892836
0,splitOrderHash_MaxLoad_16,30,11200.348017213591,9.32370012976593
0,splitOrderHash_MaxLoad_16,31,9735.548430215833,9.18353925214305
1,Refinable16,1,838391.6294979712,13.639240608598755
1,Refinable16,2,648626.209687881,13.38261188167178
1,Refinable16,3,448205.3856359138,13.013006856421157
1,Refinable16,4,426706.7202041365,12.963852218300108
1,Refinable16,5,440181.5308633281,12.994942490954712
1,Refinable16,6,320326.98979117884,12.67709759614707
1,Refinable16,7,215113.90281153872,12.27892294734443
1,Refinable16,8,193154.97403031372,12.171248119926004
1,Refinable16,9,185246.9341632396,12.129444993295284
1,Refinable16,10,175590.4668423742,12.07590966965691
1,Refinable16,11,134259.18467082334,11.807527424711182
1,Refinable16,12,132785.37236338045,11.796489362091638
1,Refinable16,13,125788.85334654956,11.742360013174466
1,Refinable16,14,133744.73212936326,11.80368827803392
1,Refinable16,15,114281.27364193849,11.646418001206813
1,Refinable16,16,21910.743955209182,9.994732387065959
1,Refinable16,17,103213.87359603329,11.54455855706424
1,Refinable16,18,94401.60709295915,11.455313376278502
1,Refinable16,19,80279.69445548291,11.293271996917518
1,Refinable16,20,81630.85385056818,11.309962580400107
1,Refinable16,21,31541.602111521013,10.359062655407069
1,Refinable16,22,35731.730455547404,10.483794381290183
1,Refinable16,23,16255.579321212523,9.696191471673066
1,Refinable16,24,63403.379273308514,11.057272439845706
1,Refinable16,25,16943.20519017816,9.737622158701438
1,Refinable16,26,12555.271443713087,9.437895891725399
1,Refinable16,27,10048.17093144535,9.215145900052672
1,Refinable16,28,7312.743134997845,8.897373740217843
1,Refinable16,29,18369.335700528394,9.818438015363055
1,Refinable16,30,55325.70797542211,10.920992961501126
1,Refinable16,31,52075.98302531257,10.86045914305734
2,concHashMap,1,136156.67821275297,11.821561547304798
2,concHashMap,2,717550.5693763769,13.483598704099393
2,concHashMap,3,504859.2704783542,13.13203499710106
2,concHashMap,4,357987.9644446354,12.788254645947976
2,concHashMap,5,322699.3152320531,12.684476256042304
2,concHashMap,6,235775.65474899323,12.370636016415942
2,concHashMap,7,302410.81904946227,12.619541699927492
2,concHashMap,8,199961.6073713847,12.205880663959816
2,concHashMap,9,191988.3271097117,12.165189852858164
2,concHashMap,10,92138.55427237262,11.431048747813007
2,concHashMap,11,122936.51066843039,11.719423327663796
2,concHashMap,12,48991.98980966612,10.799412090457432
2,concHashMap,13,114722.5778622136,11.65027212648591
2,concHashMap,14,111988.60403965293,11.62615239545443
2,concHashMap,15,108221.94589552036,11.591939451958378
2,concHashMap,16,107110.53271423446,11.581616596271044
2,concHashMap,17,100837.45506430909,11.52126514362033
2,concHashMap,18,98192.66579340657,11.494686805131867
2,concHashMap,19,21047.956716981807,9.954558766322243
2,concHashMap,20,72278.04496561734,11.188275696271978
2,concHashMap,21,77726.46967152017,11.260951143355717
2,concHashMap,22,73408.18031398146,11.203790656812059
2,concHashMap,23,71878.27270760422,11.18272931038623
2,concHashMap,24,62180.122134195895,11.037790647814674
2,concHashMap,25,7771.24259449151,8.9581853526465
2,concHashMap,26,60953.198305744896,11.017861607786095
2,concHashMap,27,60807.27741496103,11.015464755116481
2,concHashMap,28,54911.44431375521,10.913477063218838
2,concHashMap,29,57908.03740395952,10.966611469194143
2,concHashMap,30,53914.808133372295,10.895160452622505
2,concHashMap,31,51002.24511883013,10.839624932675372
3,concSkipListSet,1,1009315.986555911,13.82478341835239
3,concSkipListSet,2,566883.7831556152,13.247909593721568
3,concSkipListSet,3,389886.3481295202,12.8736105605837
3,concSkipListSet,4,320194.67836444563,12.676684459682862
3,concSkipListSet,5,288237.6000184472,12.571540419056639
3,concSkipListSet,6,298352.49750875664,12.606030943985266
3,concSkipListSet,7,278894.9068212116,12.538590311782329
3,concSkipListSet,8,163882.30628291986,12.00690380455983
3,concSkipListSet,9,221614.50599910467,12.308694691997603
3,concSkipListSet,10,120196.20829041327,11.696880755580809
3,concSkipListSet,11,41467.45012502436,10.632664064130921
3,concSkipListSet,12,65081.498306254005,11.083395583597984
3,concSkipListSet,13,46463.43559935509,10.746420951058244
3,concSkipListSet,14,41090.50924289915,10.623532455154251
3,concSkipListSet,15,32046.546968540864,10.374944717653484
3,concSkipListSet,16,43874.65887452725,10.689092185798392
3,concSkipListSet,17,14865.686294476462,9.606810902847897
3,concSkipListSet,18,18837.042441175214,9.843580552854757
3,concSkipListSet,19,17933.021956295433,9.794399094299173
3,concSkipListSet,20,16866.38433463716,9.733077827414215
3,concSkipListSet,21,28920.465538517867,10.272304773602261
3,concSkipListSet,22,17136.77114099193,9.748981792900024
3,concSkipListSet,23,20284.745080594334,9.917624408669512
3,concSkipListSet,24,16333.015819505801,9.700943848613608
3,concSkipListSet,25,21305.725658101906,9.966731125814043
3,concSkipListSet,26,22250.109025534224,10.01010218760639
3,concSkipListSet,27,6446.294917863566,8.771260813401945
3,concSkipListSet,28,15144.936282981318,9.625421516320188
3,concSkipListSet,29,20121.623138900773,9.909550293867385
3,concSkipListSet,30,19312.431102902043,9.868504266146465
3,concSkipListSet,31,7880.868380277433,8.972193377323112
